0.067,1500
0.077,1500
0.087,1500
0.097,1500
0.168,4500
0.242,4500
0.299,6000
0.355,6000
0.394,6000
0.434,6000
0.446,6000
0.456,6000
0.466,6000
0.476,6000
0.486,6000
0.496,6000
0.506,6000
0.518,6000
0.578,7500
0.618,7500
0.630,7500
0.640,7500
0.650,7500
0.660,7500
0.670,7500
0.680,7500
0.690,7500
0.700,7500
0.710,7500
0.720,7500
0.730,7500
0.740,7500
0.750,7500
0.799,9000
0.855,9000
0.865,9000
0.875,9000
0.885,9000
0.898,9000
0.908,9000
0.918,9000
0.928,9000
0.938,9000
0.948,9000
0.958,9000
0.968,9000
0.978,9000
0.988,9000
0.998,9000
1.063,10500
1.111,10500
1.137,10500
1.147,10500
1.157,10500
1.167,10500
1.177,10500
1.187,10500
1.197,10500
1.207,10500
1.223,10500
1.299,12000
1.339,12000
1.349,12000
1.366,12000
1.383,12000
1.393,12000
1.403,12000
1.413,12000
1.423,12000
1.433,12000
1.443,12000
1.495,13500
1.531,13500
1.541,13500
1.551,13500
1.566,13500
1.578,13500
1.588,13500
1.598,13500
1.608,13500
1.618,13500
1.628,13500
1.638,13500
1.648,13500
1.658,13500
1.668,13500
1.678,13500
1.693,13500
1.704,15000
1.775,15000
1.826,15000
1.836,15000
1.846,15000
1.856,15000
1.866,15000
1.876,15000
1.886,15000
1.896,15000
1.906,15000
1.918,15000
2.003,16500
2.059,16500
2.069,16500
2.079,16500
2.089,16500
2.107,16500
2.117,16500
2.127,16500
2.137,16500
2.157,16500
2.167,16500
2.177,16500
2.190,16500
2.200,16500
2.214,16500
2.224,16500
2.234,16500
2.244,16500
2.254,16500
2.264,16500
2.274,16500
2.284,16500
2.294,16500
2.304,16500
2.314,16500
2.324,16500
2.334,16500
2.344,16500
2.354,16500
2.365,16500
2.375,16500
2.385,16500
2.395,16500
2.405,16500
2.415,16500
2.425,16500
2.435,16500
2.445,16500
2.462,16500
2.472,16500
2.489,16500
2.499,16500
2.509,16500
2.519,16500
2.529,16500
2.539,16500
2.549,16500
2.559,16500
2.569,16500
2.579,16500
2.589,16500
2.599,16500
2.609,16500
2.628,16500
2.703,12750
2.713,12750
2.726,12750
2.736,12750
2.752,12750
2.762,12750
2.772,12750
2.782,12750
2.792,12750
2.802,12750
2.812,12750
2.822,12750
2.832,12750
2.842,12750
2.852,12750
2.864,12750
2.874,12750
2.890,14250
2.900,14250
2.910,14250
2.920,14250
2.930,14250
2.940,14250
2.950,14250
2.960,14250
2.970,14250
2.980,14250
2.990,14250
3.000,14250
3.010,14250
3.020,14250
3.030,14250
3.040,14250
3.050,14250
3.060,14250
3.070,14250
3.080,14250
3.094,14250
3.104,15750
3.115,15750
3.137,15750
3.147,15750
3.158,15750
3.168,15750
3.178,15750
3.188,15750
3.198,15750
3.208,15750
3.218,15750
3.228,15750
3.238,15750
3.248,15750
3.258,15750
3.268,15750
3.278,15750
3.288,15750
3.298,15750
3.308,15750
3.318,8250
3.328,8250
3.338,8250
3.348,8250
3.366,8250
3.376,8250
3.386,8250
3.396,8250
3.406,8250
3.416,8250
3.426,8250
3.436,8250
3.446,8250
3.456,8250
3.466,8250
3.476,8250
3.486,8250
3.496,8250
3.506,8250
3.516,8250
3.526,8250
3.536,8250
3.546,8250
3.556,8250
3.566,8250
3.576,8250
3.586,8250
3.596,8250
3.606,8250
3.616,8250
3.626,8250
3.636,8250
3.646,8250
3.656,8250
3.666,8250
3.676,8250
3.686,8250
3.696,8250
3.706,8250
3.716,8250
3.726,8250
3.736,8250
3.746,8250
3.756,8250
3.766,8250
3.776,8250
3.786,8250
3.796,8250
3.806,8250
3.816,8250
3.826,8250
3.836,8250
3.846,8250
3.856,8250
3.866,8250
3.876,8250
3.886,8250
3.896,8250
3.906,8250
3.916,8250
3.926,8250
3.936,8250
3.946,8250
3.956,8250
3.966,8250
3.976,8250
3.986,8250
3.996,8250
4.006,8250
4.016,8250
4.026,8250
4.036,8250
4.046,8250
4.056,8250
4.066,8250
4.076,8250
4.086,8250
4.096,8250
4.106,8250
4.116,8250
4.126,8250
4.136,8250
4.146,8250
4.156,8250
4.166,8250
4.176,8250
4.186,8250
4.196,8250
4.206,8250
4.216,8250
4.226,8250
4.236,8250
4.246,8250
4.256,8250
4.266,8250
4.276,8250
4.286,8250
4.296,8250
4.306,8250
4.316,8250
4.356,1500
4.370,3000
4.380,3000
4.390,3000
4.400,3000
4.422,3000
4.432,3000
4.442,3000
4.452,3000
4.462,3000
4.472,3000
4.482,3000
4.492,3000
4.502,3000
4.512,3000
4.522,3000
4.532,3000
4.542,3000
4.552,3000
4.562,3000
4.572,3000
4.582,3000
4.592,3000
4.602,3000
4.612,3000
4.622,3000
4.632,3000
4.642,3000
4.652,3000
4.662,3000
4.672,3000
4.682,3000
4.692,3000
4.702,3000
4.712,3000
4.722,3000
4.732,3000
4.742,3000
4.752,3000
4.762,3000
4.772,3000
4.782,3000
4.792,3000
4.802,3000
4.812,3000
4.822,3000
4.832,3000
4.842,3000
4.852,3000
4.862,3000
4.872,3000
4.882,3000
4.892,3000
4.902,3000
4.912,3000
4.922,3000
4.932,3000
4.942,3000
4.952,3000
4.962,3000
4.972,3000
4.982,3000
4.992,3000
5.002,3000
5.012,3000
5.022,3000
5.032,3000
5.042,3000
5.052,3000
5.062,3000
5.072,3000
5.082,3000
5.092,3000
5.102,3000
5.112,3000
5.122,3000
5.132,3000
5.142,3000
5.152,3000
5.162,3000
5.172,3000
5.182,3000
5.192,3000
5.202,3000
5.212,3000
5.222,3000
5.232,3000
5.242,3000
5.252,3000
5.262,3000
5.272,3000
5.282,3000
5.292,3000
5.302,3000
5.312,3000
5.322,3000
5.332,3000
5.342,3000
5.352,3000
5.410,1500
5.422,3000
5.433,3000
5.443,3000
5.455,3000
5.466,3000
5.480,3000
5.490,3000
5.500,3000
5.510,3000
5.520,3000
5.530,3000
5.540,3000
5.550,3000
5.560,3000
5.570,3000
5.580,3000
5.590,3000
5.600,3000
5.610,3000
5.620,3000
5.630,3000
5.640,3000
5.650,3000
5.660,3000
5.670,3000
5.680,3000
5.690,3000
5.700,3000
5.710,3000
5.720,3000
5.730,3000
5.740,3000
5.750,3000
5.760,3000
5.770,3000
5.780,3000
5.790,3000
5.800,3000
5.810,3000
5.820,3000
5.830,3000
5.840,3000
5.850,3000
5.860,3000
5.870,3000
5.880,3000
5.890,3000
5.900,3000
5.910,3000
5.920,3000
5.930,3000
5.940,3000
5.950,3000
5.960,3000
5.970,3000
5.980,3000
5.990,3000
6.000,3000
6.010,3000
6.020,3000
6.030,3000
6.040,3000
6.050,3000
6.060,3000
6.070,3000
6.080,3000
6.090,3000
6.100,3000
6.110,3000
6.120,3000
6.130,3000
6.140,3000
6.150,3000
6.160,3000
6.170,3000
6.180,3000
6.190,3000
6.200,3000
6.210,3000
6.220,3000
6.230,3000
6.240,3000
6.250,3000
6.260,3000
6.270,3000
6.280,3000
6.290,3000
6.300,3000
6.310,3000
6.320,3000
6.330,3000
6.340,3000
6.350,3000
6.360,3000
6.370,3000
6.380,3000
6.390,3000
6.400,3000
6.410,3000
6.464,1500
6.476,3000
6.486,3000
6.499,3000
6.509,3000
6.519,3000
6.537,3000
6.547,3000
6.557,3000
6.567,3000
6.577,3000
6.587,3000
6.597,3000
6.607,3000
6.617,3000
6.627,3000
6.637,3000
6.647,3000
6.657,3000
6.667,3000
6.677,3000
6.687,3000
6.697,3000
6.707,3000
6.717,3000
6.727,3000
6.737,3000
6.747,3000
6.757,3000
6.767,3000
6.777,3000
6.787,3000
6.797,3000
6.807,3000
6.817,3000
6.827,3000
6.837,3000
6.847,3000
6.857,3000
6.867,3000
6.877,3000
6.887,3000
6.897,3000
6.907,3000
6.917,3000
6.927,3000
6.937,3000
6.947,3000
6.957,3000
6.967,3000
6.977,3000
6.987,3000
6.997,3000
7.007,3000
7.017,3000
7.027,3000
7.037,3000
7.047,3000
7.057,3000
7.067,3000
7.077,3000
7.087,3000
7.097,3000
7.107,3000
7.117,3000
7.127,3000
7.137,3000
7.147,3000
7.157,3000
7.167,3000
7.177,3000
7.187,3000
7.197,3000
7.207,3000
7.217,3000
7.227,3000
7.237,3000
7.247,3000
7.257,3000
7.267,3000
7.277,3000
7.287,3000
7.297,3000
7.307,3000
7.317,3000
7.327,3000
7.337,3000
7.347,3000
7.357,3000
7.367,3000
7.377,3000
7.387,3000
7.397,3000
7.407,3000
7.417,3000
7.427,3000
7.437,3000
7.447,3000
7.457,3000
7.467,3000
7.525,1500
7.596,3000
7.606,3000
7.616,3000
7.626,3000
7.636,3000
7.646,3000
7.656,3000
7.666,3000
7.676,3000
7.686,3000
7.696,3000
7.706,3000
7.716,3000
7.726,3000
7.736,3000
7.746,3000
7.756,3000
7.766,3000
7.776,3000
7.786,3000
7.796,3000
7.806,3000
7.816,3000
7.826,3000
7.836,3000
7.846,3000
7.856,3000
7.866,3000
7.876,3000
7.886,3000
7.896,3000
7.906,3000
7.916,3000
7.926,3000
7.936,3000
7.946,3000
7.956,3000
7.966,3000
7.976,3000
7.986,3000
7.996,3000
8.006,3000
8.016,3000
8.026,3000
8.036,3000
8.046,3000
8.056,3000
8.066,3000
8.076,3000
8.086,3000
8.096,3000
8.106,3000
8.116,3000
8.126,3000
8.136,3000
8.146,3000
8.156,3000
8.166,3000
8.176,3000
8.186,3000
8.196,3000
8.206,3000
8.216,3000
8.226,3000
8.236,3000
8.246,3000
8.256,3000
8.266,3000
8.276,3000
8.286,3000
8.296,3000
8.306,3000
8.316,3000
8.326,3000
8.336,3000
8.346,3000
8.356,3000
8.366,3000
8.376,3000
8.386,3000
8.396,3000
8.406,3000
8.416,3000
8.426,3000
8.436,3000
8.446,3000
8.456,3000
8.466,3000
8.476,3000
8.486,3000
8.496,3000
8.506,3000
8.516,3000
8.566,1500
8.639,3000
8.720,3750
8.775,3750
8.840,4350
8.886,4350
8.896,4350
8.906,4350
8.916,4350
8.926,4350
8.936,4350
8.946,4350
8.956,4350
8.966,4350
8.976,4350
8.986,4350
8.996,4350
9.006,4350
9.018,4350
9.094,4867
9.135,4867
9.146,4867
9.156,4867
9.166,4867
9.176,4867
9.186,4867
9.196,4867
9.206,4867
9.216,4867
9.226,4867
9.236,4867
9.246,4867
9.256,4867
9.330,5329
9.340,5329
9.350,5329
9.360,5329
9.370,5329
9.380,5329
9.390,5329
9.400,5329
9.410,5329
9.420,5329
9.430,5329
9.440,5329
9.450,5329
9.460,5329
9.470,5329
9.483,5329
9.534,5751
9.544,5751
9.554,5751
9.566,5751
9.576,5751
9.586,5751
9.596,5751
9.606,5751
9.616,5751
9.626,5751
9.636,5751
9.646,5751
9.656,5751
9.666,5751
9.676,5751
9.686,5751
9.696,5751
9.706,5751
9.717,5751
9.727,5751
9.737,5751
9.810,6142
9.867,6142
9.882,6142
9.892,6142
9.913,6142
9.923,6142
9.933,6142
9.943,6142
9.958,6142
10.011,6508
10.028,6508
10.038,6508
10.050,6508
10.066,6508
10.077,6508
10.087,6508
10.097,6508
10.107,6508
10.117,6508
10.127,6508
10.137,6508
10.147,6508
10.157,6508
10.167,6508
10.177,6508
10.196,6508
10.247,6853
10.263,6853
10.273,6853
10.283,6853
10.298,6853
10.308,6853
10.318,6853
10.328,6853
10.338,6853
10.348,6853
10.358,6853
10.368,6853
10.378,6853
10.388,6853
10.398,6853
10.408,6853
10.418,6853
10.428,6853
10.438,6853
10.518,7181
10.533,7181
10.543,7181
10.553,7181
10.563,7181
10.573,7181
10.583,7181
10.593,7181
10.603,7181
10.613,7181
10.623,7181
10.633,7181
10.643,7181
10.653,7181
10.663,7181
10.673,7181
10.750,7494
10.760,7494
10.774,7494
10.786,7494
10.796,7494
10.806,7494
10.816,7494
10.826,7494
10.836,7494
10.846,7494
10.856,7494
10.866,7494
10.877,7494
10.887,7494
10.901,7494
10.975,7794
11.038,7794
11.050,7794
11.060,7794
11.070,7794
11.081,7794
11.091,7794
11.101,7794
11.111,7794
11.121,7794
11.170,8082
11.181,8082
11.191,8082
11.201,8082
11.222,8082
11.232,8082
11.242,8082
11.252,8082
11.262,8082
11.272,8082
11.282,8082
11.292,8082
11.302,8082
11.312,8082
11.322,8082
11.332,8082
11.342,8082
11.358,8082
11.370,8082
11.439,8360
11.458,8360
11.468,8360
11.482,8360
11.502,8360
11.512,8360
11.527,8360
11.537,8360
11.547,8360
11.557,8360
11.567,8360
11.577,8360
11.587,8360
11.597,8360
11.655,8629
11.665,8629
11.680,8629
11.692,8629
11.704,8629
11.714,8629
11.724,8629
11.734,8629
11.744,8629
11.754,8629
11.764,8629
11.774,8629
11.784,8629
11.794,8629
11.804,8629
11.815,8629
11.830,8629
11.878,8889
11.890,8889
11.902,8889
11.914,8889
11.936,8889
11.946,8889
11.956,8889
11.966,8889
11.976,8889
11.986,8889
11.996,8889
12.006,8889
12.016,8889
12.026,8889
12.036,8889
12.046,8889
12.058,8889
12.110,9142
12.154,9142
12.164,9142
12.177,9142
12.187,9142
12.197,9142
12.207,9142
12.217,9142
12.227,9142
12.237,9142
12.247,9142
12.257,9142
12.267,9142
12.278,9142
12.288,9142
12.301,9142
12.311,9142
12.326,9142
12.338,9142
12.354,9142
12.364,9142
12.374,9142
12.384,9142
12.394,9142
12.404,9142
12.414,9142
12.424,9142
12.434,9142
12.444,9142
12.454,9142
12.464,9142
12.474,9142
12.484,9142
12.494,9142
12.504,9142
12.514,9142
12.527,9142
12.537,9142
12.547,9142
12.557,9142
12.567,9142
12.586,9142
12.596,9142
12.606,9142
12.616,9142
12.626,9142
12.636,9142
12.646,9142
12.656,9142
12.666,9142
12.676,9142
12.686,9142
12.696,9142
12.706,9142
12.716,9142
12.726,9142
12.736,9142
12.746,9142
12.758,9142
12.811,9071
12.821,9071
12.833,9071
12.856,9071
12.866,9071
12.876,9071
12.886,9071
12.896,9071
12.906,9071
12.916,9071
12.926,9071
12.936,9071
12.946,9071
12.956,9071
12.966,9071
12.976,9071
12.986,9071
12.996,9071
13.043,10571
13.058,10571
13.068,10571
13.082,10571
13.092,10571
13.102,10571
13.112,10571
13.122,10571
13.132,10571
13.142,10571
13.152,10571
13.162,10571
13.172,10571
13.182,10571
13.192,10571
13.202,10571
13.213,10571
13.223,10571
13.233,10571
13.307,12071
13.326,12071
13.347,12071
13.357,12071
13.367,12071
13.377,12071
13.387,12071
13.397,12071
13.407,12071
13.417,12071
13.427,12071
13.437,12071
13.447,12071
13.458,12071
13.468,12071
13.518,4571
13.528,4571
13.538,4571
13.558,4571
13.570,4571
13.580,4571
13.590,4571
13.600,4571
13.610,4571
13.620,4571
13.630,4571
13.640,4571
13.650,4571
13.660,4571
13.670,4571
13.680,4571
13.690,4571
13.700,4571
13.712,4571
13.722,4571
13.732,4571
13.742,4571
13.754,4571
13.764,4571
13.774,4571
13.790,4571
13.800,4571
13.810,4571
13.820,4571
13.830,4571
13.840,4571
13.850,4571
13.860,4571
13.870,4571
13.880,4571
13.890,4571
13.900,4571
13.910,4571
13.920,4571
13.930,4571
13.940,4571
13.950,4571
13.960,4571
13.970,4571
13.980,4571
13.990,4571
14.000,4571
14.010,4571
14.020,4571
14.030,4571
14.040,4571
14.050,4571
14.060,4571
14.070,4571
14.080,4571
14.090,4571
14.100,4571
14.110,4571
14.120,4571
14.130,4571
14.140,4571
14.150,4571
14.160,4571
14.170,4571
14.255,6785
14.323,6785
14.333,6785
14.343,6785
14.357,6785
14.367,6785
14.377,6785
14.387,6785
14.397,6785
14.407,6785
14.417,6785
14.499,2285
14.509,2285
14.519,2285
14.529,2285
14.539,2285
14.549,2285
14.559,2285
14.569,2285
14.579,2285
14.589,2285
14.599,2285
14.609,2285
14.619,2285
14.629,2285
14.639,2285
14.649,2285
14.659,2285
14.669,2285
14.734,3269
14.774,3269
14.786,3269
14.798,3269
14.808,3269
14.818,3269
14.828,3269
14.839,3269
14.849,3269
14.859,3269
14.869,3269
14.879,3269
14.951,3957
14.974,3957
14.984,3957
14.994,3957
15.004,3957
15.014,3957
15.024,3957
15.034,3957
15.044,3957
15.054,3957
15.064,3957
15.074,3957
15.084,3957
15.094,3957
15.104,3957
15.114,3957
15.198,4525
15.250,4525
15.262,4525
15.274,4525
15.286,4525
15.296,4525
15.306,4525
15.316,4525
15.326,4525
15.336,4525
15.350,4525
15.406,5022
15.416,5022
15.430,5022
15.440,5022
15.450,5022
15.460,5022
15.470,5022
15.480,5022
15.490,5022
15.500,5022
15.510,5022
15.520,5022
15.530,5022
15.540,5022
15.550,5022
15.561,5022
15.571,5022
15.582,5022
15.658,5470
15.668,5470
15.678,5470
15.688,5470
15.698,5470
15.708,5470
15.718,5470
15.728,5470
15.738,5470
15.748,5470
15.758,5470
15.768,5470
15.778,5470
15.788,5470
15.798,5470
15.808,5470
15.818,5470
15.828,5470
15.838,5470
15.923,5881
15.933,5881
15.946,5881
15.960,5881
15.970,5881
15.980,5881
15.990,5881
16.000,5881
16.010,5881
16.020,5881
16.031,5881
16.041,5881
16.057,5881
16.106,6263
16.162,6263
16.172,6263
16.182,6263
16.192,6263
16.202,6263
16.212,6263
16.222,6263
16.232,6263
16.242,6263
16.252,6263
16.262,6263
16.272,6263
16.283,6263
16.293,6263
16.374,6622
16.390,6622
16.410,6622
16.420,6622
16.437,6622
16.447,6622
16.457,6622
16.467,6622
16.477,6622
16.487,6622
16.497,6622
16.507,6622
16.517,6622
16.529,6961
16.598,6961
16.610,6961
16.620,6961
16.630,6961
16.640,6961
16.650,6961
16.660,6961
16.670,6961
16.680,6961
16.690,6961
16.700,6961
16.710,6961
16.720,6961
16.730,6961
16.740,6961
16.750,6961
16.760,6961
16.771,6961
16.781,6961
16.855,7284
16.865,7284
16.875,7284
16.885,7284
16.895,7284
16.905,7284
16.915,7284
16.925,7284
16.935,7284
16.945,7284
16.955,7284
16.965,7284
16.975,7284
16.987,7284
16.997,7284
17.071,7592
17.107,7592
17.117,7592
17.127,7592
17.141,7592
17.151,7592
17.161,7592
17.171,7592
17.181,7592
17.191,7592
17.201,7592
17.211,7592
17.222,7592
17.232,7592
17.242,7592
17.291,7888
17.301,7888
17.311,7888
17.326,7888
17.336,7888
17.346,7888
17.356,7888
17.366,7888
17.376,7888
17.386,7888
17.396,7888
17.406,7888
17.416,7888
17.426,7888
17.436,7888
17.446,7888
17.456,7888
17.526,8173
17.550,8173
17.560,8173
17.570,8173
17.580,8173
17.590,8173
17.600,8173
17.610,8173
17.620,8173
17.630,8173
17.640,8173
17.650,8173
17.660,8173
17.670,8173
17.680,8173
17.691,8173
17.743,8448
17.753,8448
17.774,8448
17.795,8448
17.805,8448
17.815,8448
17.825,8448
17.835,8448
17.845,8448
17.855,8448
17.865,8448
17.875,8448
17.885,8448
17.895,8448
17.905,8448
17.926,8448
17.940,8714
18.010,8714
18.022,8714
18.033,8714
18.043,8714
18.053,8714
18.063,8714
18.073,8714
18.083,8714
18.093,8714
18.103,8714
18.113,8714
18.123,8714
18.133,8714
18.143,8714
18.153,8714
18.163,8714
18.173,8714
18.183,8714
18.262,8972
18.283,8972
18.296,8972
18.314,8972
18.324,8972
18.334,8972
18.344,8972
18.354,8972
18.364,8972
18.374,8972
18.384,8972
18.398,8972
18.409,8972
18.419,8972
18.429,8972
18.439,8972
18.450,8972
18.460,8972
18.472,8972
18.482,8972
18.492,8972
18.502,8972
18.512,8972
18.522,8972
18.532,8972
18.542,8972
18.552,8972
18.562,8972
18.572,8972
18.582,8972
18.592,8972
18.602,8972
18.612,8972
18.623,8972
18.633,8972
18.643,8972
18.653,8972
18.663,8972
18.680,8972
18.690,8972
18.705,8972
18.715,8972
18.725,8972
18.735,8972
18.745,8972
18.755,8972
18.765,8972
18.775,8972
18.785,8972
18.795,8972
18.805,8972
18.815,8972
18.825,8972
18.835,8972
18.847,8972
18.857,8972
18.911,8986
18.921,8986
18.931,8986
18.941,8986
18.951,8986
18.961,8986
18.971,8986
18.981,8986
18.991,8986
19.001,8986
19.011,8986
19.021,8986
19.031,8986
19.041,8986
19.051,8986
19.061,8986
19.071,8986
19.082,8986
19.092,8986
19.158,10486
19.170,10486
19.180,10486
19.190,10486
19.214,10486
19.230,10486
19.240,10486
19.250,10486
19.260,10486
19.270,10486
19.280,10486
19.290,10486
19.300,10486
19.310,10486
19.320,10486
19.374,11986
19.386,11986
19.398,11986
19.414,11986
19.427,11986
19.437,11986
19.447,11986
19.457,11986
19.467,11986
19.477,11986
19.487,11986
19.497,11986
19.507,11986
19.517,11986
19.527,11986
19.537,11986
19.547,11986
19.557,11986
19.614,4486
19.626,4486
19.636,4486
19.658,4486
19.674,4486
19.684,4486
19.694,4486
19.704,4486
19.714,4486
19.724,4486
19.734,4486
19.744,4486
19.754,4486
19.764,4486
19.774,4486
19.784,4486
19.794,4486
19.804,4486
19.878,4987
19.918,4987
19.930,4987
19.945,4987
19.955,4987
19.965,4987
19.975,4987
19.985,4987
19.995,4987
20.005,4987
20.015,4987
20.025,4987
20.036,4987
20.082,5438
20.092,5438
20.102,5438
20.112,5438
20.122,5438
20.132,5438
20.142,5438
20.152,5438
20.162,5438
20.172,5438
20.182,5438
20.192,5438
20.202,5438
20.212,5438
20.222,5438
20.232,5438
20.242,5438
20.252,5438
20.268,5438
20.319,5851
20.330,5851
20.340,5851
20.350,5851
20.365,5851
20.375,5851
20.385,5851
20.395,5851
20.405,5851
20.415,5851
20.425,5851
20.435,5851
20.445,5851
20.455,5851
20.465,5851
20.475,5851
20.485,5851
20.502,5851
20.559,6235
20.615,6235
20.625,6235
20.638,6235
20.653,6235
20.663,6235
20.673,6235
20.683,6235
20.693,6235
20.703,6235
20.714,6235
20.725,6235
20.738,6235
20.779,6595
20.789,6595
20.799,6595
20.810,6595
20.820,6595
20.830,6595
20.842,6595
20.852,6595
20.862,6595
20.872,6595
20.882,6595
20.892,6595
20.902,6595
20.912,6595
20.922,6595
20.932,6595
20.942,6595
20.952,6595
20.964,6595
20.974,6595
20.984,6595
20.994,6595
21.038,6936
21.053,6936
21.070,6936
21.087,6936
21.097,6936
21.107,6936
21.117,6936
21.127,6936
21.137,6936
21.147,6936
21.157,6936
21.167,6936
21.177,6936
21.187,6936
21.199,6936
21.210,6936
21.254,7260
21.264,7260
21.274,7260
21.284,7260
21.305,7260
21.315,7260
21.325,7260
21.335,7260
21.345,7260
21.355,7260
21.365,7260
21.375,7260
21.385,7260
21.395,7260
21.405,7260
21.415,7260
21.425,7260
21.435,7260
21.445,7260
21.523,7569
21.562,7569
21.578,7569
21.588,7569
21.598,7569
21.608,7569
21.618,7569
21.628,7569
21.638,7569
21.648,7569
21.658,7569
21.671,7569
21.681,7569
21.726,7866
21.736,7866
21.746,7866
21.758,7866
21.774,7866
21.784,7866
21.794,7866
21.804,7866
21.814,7866
21.824,7866
21.834,7866
21.844,7866
21.854,7866
21.864,7866
21.874,7866
21.884,7866
21.894,7866
21.904,7866
21.986,8152
21.998,8152
22.014,8152
22.024,8152
22.034,8152
22.044,8152
22.054,8152
22.064,8152
22.074,8152
22.084,8152
22.094,8152
22.104,8152
22.114,8152
22.124,8152
22.134,8152
22.198,8428
22.210,8428
22.220,8428
22.230,8428
22.240,8428
22.250,8428
22.260,8428
22.270,8428
22.280,8428
22.290,8428
22.300,8428
22.310,8428
22.320,8428
22.330,8428
22.340,8428
22.350,8428
22.360,8428
22.370,8428
22.380,8428
22.390,8428
22.400,8428
22.458,8694
22.474,8694
22.490,8694
22.506,8694
22.516,8694
22.526,8694
22.536,8694
22.546,8694
22.556,8694
22.566,8694
22.576,8694
22.586,8694
22.596,8694
22.606,8694
22.616,8694
22.626,8694
22.636,8694
22.708,8952
22.718,8952
22.728,8952
22.738,8952
22.748,8952
22.758,8952
22.768,8952
22.778,8952
22.788,8952
22.798,8952
22.808,8952
22.818,8952
22.828,8952
22.838,8952
22.848,8952
22.858,8952
22.868,8952
22.878,8952
22.888,8952
22.905,8952
22.915,8952
22.925,8952
22.935,8952
22.945,8952
22.955,8952
22.965,8952
22.975,8952
22.985,8952
22.995,8952
23.005,8952
23.015,8952
23.025,8952
23.035,8952
23.045,8952
23.055,8952
23.065,8952
23.075,8952
23.085,8952
23.095,8952
23.105,8952
23.115,8952
23.130,8952
23.142,8952
23.166,8952
23.176,8952
23.186,8952
23.196,8952
23.206,8952
23.216,8952
23.226,8952
23.236,8952
23.246,8952
23.256,8952
23.266,8952
23.276,8952
23.286,8952
23.296,8952
23.306,8952
23.362,8976
23.374,8976
23.384,8976
23.394,8976
23.408,8976
23.418,8976
23.428,8976
23.438,8976
23.448,8976
23.458,8976
23.468,8976
23.478,8976
23.488,8976
23.498,8976
23.508,8976
23.518,8976
23.531,8976
23.541,8976
23.590,10476
23.602,10476
23.614,10476
23.630,10476
23.640,10476
23.650,10476
23.660,10476
23.670,10476
23.680,10476
23.690,10476
23.700,10476
23.710,10476
23.720,10476
23.730,10476
23.740,10476
23.750,10476
23.760,10476
23.774,10476
23.785,10476
23.842,11976
23.852,11976
23.862,11976
23.872,11976
23.882,11976
23.892,11976
23.902,11976
23.912,11976
23.922,11976
23.932,11976
23.942,11976
23.952,11976
23.962,11976
23.972,11976
23.982,11976
23.992,11976
24.002,11976
24.017,11976
24.027,11976
24.094,4476
24.104,4476
24.114,4476
24.126,4476
24.137,4476
24.147,4476
24.157,4476
24.167,4476
24.177,4476
24.187,4476
24.197,4476
24.207,4476
24.217,4476
24.227,4476
24.237,4476
24.248,4978
24.294,4978
24.342,4978
24.352,4978
24.362,4978
24.372,4978
24.382,4978
24.392,4978
24.402,4978
24.412,4978
24.422,4978
24.432,4978
24.442,4978
24.452,4978
24.462,4978
24.472,4978
24.482,4978
24.492,4978
24.571,5429
24.581,5429
24.594,5429
24.611,5429
24.621,5429
24.631,5429
24.641,5429
24.651,5429
24.661,5429
24.671,5429
24.681,5429
24.691,5429
24.701,5429
24.714,5429
24.778,5843
24.788,5843
24.798,5843
24.809,5843
24.819,5843
24.829,5843
24.839,5843
24.849,5843
24.859,5843
24.869,5843
24.879,5843
24.889,5843
24.899,5843
24.909,5843
24.919,5843
24.929,5843
24.954,5843
25.006,6228
25.054,6228
25.064,6228
25.074,6228
25.084,6228
25.094,6228
25.104,6228
25.114,6228
25.124,6228
25.134,6228
25.144,6228
25.154,6228
25.164,6228
25.174,6228
25.184,6228
25.238,6589
25.248,6589
25.259,6589
25.270,6589
25.285,6589
25.295,6589
25.305,6589
25.315,6589
25.325,6589
25.335,6589
25.345,6589
25.355,6589
25.365,6589
25.375,6589
25.385,6589
25.395,6589
25.405,6589
25.421,6589
25.503,6930
25.513,6930
25.523,6930
25.533,6930
25.544,6930
25.554,6930
25.564,6930
25.574,6930
25.584,6930
25.594,6930
25.604,6930
25.614,6930
25.624,6930
25.634,6930
25.644,6930
25.654,6930
25.664,6930
25.674,6930
25.730,7254
25.742,7254
25.752,7254
25.762,7254
25.774,7254
25.786,7254
25.796,7254
25.806,7254
25.816,7254
25.826,7254
25.836,7254
25.846,7254
25.856,7254
25.866,7254
25.876,7254
25.894,7254
25.938,7564
25.986,7564
26.002,7564
26.012,7564
26.022,7564
26.033,7564
26.043,7564
26.053,7564
26.063,7564
26.073,7564
26.083,7564
26.093,7564
26.103,7564
26.113,7564
26.129,7564
26.195,7861
26.205,7861
26.215,7861
26.225,7861
26.235,7861
26.245,7861
26.255,7861
26.265,7861
26.275,7861
26.285,7861
26.295,7861
26.305,7861
26.315,7861
26.325,7861
26.335,7861
26.345,7861
26.355,7861
26.414,8147
26.426,8147
26.436,8147
26.446,8147
26.456,8147
26.470,8147
26.482,8147
26.492,8147
26.502,8147
26.512,8147
26.522,8147
26.532,8147
26.542,8147
26.552,8147
26.563,8147
26.573,8147
26.587,8147
26.597,8147
26.670,8423
26.682,8423
26.694,8423
26.708,8423
26.718,8423
26.728,8423
26.738,8423
26.748,8423
26.758,8423
26.768,8423
26.778,8423
26.788,8423
26.798,8423
26.809,8423
26.819,8423
26.829,8423
26.839,8423
26.849,8423
26.907,8690
26.917,8690
26.929,8690
26.939,8690
26.949,8690
26.959,8690
26.969,8690
26.979,8690
26.989,8690
26.999,8690
27.009,8690
27.019,8690
27.029,8690
27.039,8690
27.058,8690
27.138,8948
27.150,8948
27.160,8948
27.174,8948
27.186,8948
27.196,8948
27.206,8948
27.216,8948
27.226,8948
27.236,8948
27.246,8948
27.256,8948
27.266,8948
27.276,8948
27.286,8948
27.296,8948
27.306,8948
27.316,8948
27.326,8948
27.336,8948
27.347,8948
27.357,8948
27.372,8948
27.390,8948
27.400,8948
27.410,8948
27.420,8948
27.430,8948
27.440,8948
27.450,8948
27.460,8948
27.470,8948
27.480,8948
27.490,8948
27.500,8948
27.510,8948
27.520,8948
27.530,8948
27.540,8948
27.550,8948
27.560,8948
27.571,8948
27.586,8948
27.602,8948
27.612,8948
27.622,8948
27.632,8948
27.642,8948
27.652,8948
27.662,8948
27.672,8948
27.682,8948
27.692,8948
27.702,8948
27.712,8948
27.722,8948
27.732,8948
27.743,8948
27.753,8948
27.810,8974
27.822,8974
27.832,8974
27.842,8974
27.854,8974
27.866,8974
27.876,8974
27.886,8974
27.896,8974
27.906,8974
27.916,8974
27.926,8974
27.936,8974
27.946,8974
27.956,8974
27.966,8974
27.990,8974
28.050,10474
28.066,10474
28.082,10474
28.092,10474
28.102,10474
28.112,10474
28.122,10474
28.132,10474
28.142,10474
28.152,10474
28.162,10474
28.172,10474
28.182,10474
28.192,10474
28.202,10474
28.212,10474
28.222,10474
28.232,10474
28.278,11974
28.290,11974
28.302,11974
28.312,11974
28.322,11974
28.333,11974
28.343,11974
28.353,11974
28.363,11974
28.373,11974
28.383,11974
28.393,11974
28.403,11974
28.413,11974
28.423,11974
28.433,11974
28.443,11974
28.453,11974
28.463,11974
28.473,11974
28.539,4474
28.554,4474
28.570,4474
28.585,4474
28.595,4474
28.605,4474
28.615,4474
28.625,4474
28.635,4474
28.645,4474
28.655,4474
28.665,4474
28.678,4474
28.690,4474
28.700,4474
28.742,4976
28.799,4976
28.810,4976
28.820,4976
28.830,4976
28.840,4976
28.850,4976
28.860,4976
28.870,4976
28.880,4976
28.890,4976
28.900,4976
28.910,4976
28.926,4976
28.999,5428
29.013,5428
29.023,5428
29.037,5428
29.047,5428
29.057,5428
29.067,5428
29.077,5428
29.087,5428
29.097,5428
29.107,5428
29.117,5428
29.127,5428
29.137,5428
29.147,5428
29.169,5428
29.206,5842
29.216,5842
29.226,5842
29.236,5842
29.246,5842
29.256,5842
29.266,5842
29.276,5842
29.286,5842
29.296,5842
29.306,5842
29.316,5842
29.326,5842
29.336,5842
29.346,5842
29.356,5842
29.366,5842
29.376,5842
29.386,5842
29.396,5842
29.406,5842
29.479,6227
29.527,6227
29.542,6227
29.554,6227
29.564,6227
29.579,6227
29.589,6227
29.599,6227
29.609,6227
29.619,6227
29.633,6227
29.706,6588
29.718,6588
29.728,6588
29.738,6588
29.748,6588
29.758,6588
29.768,6588
29.778,6588
29.788,6588
29.798,6588
29.808,6588
29.818,6588
29.828,6588
29.838,6588
29.848,6588
29.858,6588
29.869,6588
29.879,6588
29.956,6929
29.966,6929
29.983,6929
30.001,6929
30.011,6929
30.021,6929
30.031,6929
30.041,6929
30.051,6929
30.061,6929
30.071,6929
30.081,6929
30.092,6929
30.107,6929
30.175,7253
30.186,7253
30.198,7253
30.208,7253
30.218,7253
30.228,7253
30.238,7253
30.248,7253
30.258,7253
30.268,7253
30.278,7253
30.288,7253
30.298,7253
30.308,7253
30.318,7253
30.328,7253
30.338,7253
30.348,7253
30.358,7253
30.422,7563
30.463,7563
30.473,7563
30.483,7563
30.493,7563
30.503,7563
30.513,7563
30.523,7563
30.533,7563
30.543,7563
30.553,7563
30.563,7563
30.573,7563
30.583,7563
30.593,7860
30.650,7860
30.660,7860
30.670,7860
30.685,7860
30.695,7860
30.705,7860
30.715,7860
30.732,7860
30.742,7860
30.752,7860
30.762,7860
30.772,7860
30.782,7860
30.792,7860
30.802,7860
30.817,8146
30.883,8146
30.893,8146
30.904,8146
30.920,8146
30.930,8146
30.940,8146
30.950,8146
30.960,8146
30.970,8146
30.980,8146
30.990,8146
31.000,8146
31.010,8146
31.020,8146
31.034,8146
31.086,8422
31.102,8422
31.112,8422
31.122,8422
31.133,8422
31.143,8422
31.153,8422
31.163,8422
31.173,8422
31.183,8422
31.193,8422
31.203,8422
31.213,8422
31.223,8422
31.233,8422
31.243,8422
31.253,8422
31.270,8422
31.339,8689
31.349,8689
31.362,8689
31.378,8689
31.388,8689
31.398,8689
31.408,8689
31.418,8689
31.428,8689
31.438,8689
31.448,8689
31.458,8689
31.468,8689
31.478,8689
31.488,8689
31.502,8689
31.562,8947
31.572,8947
31.582,8947
31.592,8947
31.602,8947
31.612,8947
31.622,8947
31.632,8947
31.642,8947
31.652,8947
31.662,8947
31.672,8947
31.682,8947
31.692,8947
31.702,8947
31.712,8947
31.722,8947
31.732,8947
31.742,8947
31.752,8947
31.762,8947
31.772,8947
31.782,8947
31.792,8947
31.802,8947
31.814,8947
31.824,8947
31.834,8947
31.844,8947
31.854,8947
31.864,8947
31.874,8947
31.884,8947
31.894,8947
31.904,8947
31.914,8947
31.924,8947
31.934,8947
31.944,8947
31.954,8947
31.964,8947
31.974,8947
31.984,8947
32.002,8947
32.012,8947
32.022,8947
32.038,8947
32.048,8947
32.058,8947
32.068,8947
32.078,8947
32.088,8947
32.098,8947
32.108,8947
32.118,8947
32.128,8947
32.138,8947
32.148,8947
32.158,8947
32.168,8947
32.178,8947
32.188,8947
32.198,8947
32.286,8973
32.312,8973
32.322,8973
32.332,8973
32.342,8973
32.352,8973
32.362,8973
32.372,8973
32.382,8973
32.392,8973
32.402,8973
32.412,8973
32.422,8973
32.434,8973
32.490,10473
32.506,10473
32.522,10473
32.532,10473
32.542,10473
32.552,10473
32.562,10473
32.572,10473
32.582,10473
32.592,10473
32.602,10473
32.612,10473
32.622,10473
32.632,10473
32.642,10473
32.652,10473
32.670,10473
32.680,10473
32.763,11973
32.782,11973
32.796,11973
32.814,11973
32.824,11973
32.834,11973
32.844,11973
32.854,11973
32.864,11973
32.874,11973
32.884,11973
32.894,11973
32.906,11973
32.942,4473
32.958,4473
32.968,4473
32.978,4473
32.989,4473
32.999,4473
33.009,4473
33.019,4473
33.029,4473
33.039,4473
33.049,4473
33.059,4473
33.069,4473
33.079,4473
33.089,4473
33.099,4473
33.109,4473
33.119,4473
33.129,4473
33.141,4473
33.222,4976
33.270,4976
33.282,4976
33.292,4976
33.310,4976
33.324,4976
33.334,4976
33.344,4976
33.354,4976
33.364,4976
33.378,4976
33.390,4976
33.455,5428
33.466,5428
33.476,5428
33.486,5428
33.498,5428
33.508,5428
33.518,5428
33.528,5428
33.538,5428
33.548,5428
33.558,5428
33.568,5428
33.578,5428
33.588,5428
33.598,5428
33.608,5428
33.618,5428
33.699,5842
33.709,5842
33.719,5842
33.733,5842
33.743,5842
33.753,5842
33.763,5842
33.773,5842
33.783,5842
33.793,5842
33.803,5842
33.813,5842
33.823,5842
33.833,5842
33.847,5842
33.858,6227
33.914,6227
33.962,6227
33.972,6227
33.983,6227
33.993,6227
34.003,6227
34.013,6227
34.023,6227
34.033,6227
34.043,6227
34.053,6227
34.063,6227
34.073,6227
34.083,6227
34.158,6588
34.170,6588
34.182,6588
34.192,6588
34.202,6588
34.212,6588
34.222,6588
34.232,6588
34.242,6588
34.252,6588
34.262,6588
34.272,6588
34.282,6588
34.292,6588
34.302,6588
34.312,6588
34.322,6588
34.332,6588
34.342,6929
34.382,6929
34.392,6929
34.402,6929
34.414,6929
34.430,6929
34.440,6929
34.450,6929
34.460,6929
34.470,6929
34.480,6929
34.490,6929
34.500,6929
34.510,6929
34.520,6929
34.530,6929
34.540,6929
34.555,6929
34.602,7253
34.614,7253
34.626,7253
34.642,7253
34.652,7253
34.662,7253
34.672,7253
34.682,7253
34.692,7253
34.702,7253
34.712,7253
34.722,7253
34.732,7253
34.742,7253
34.752,7253
34.762,7253
34.772,7253
34.782,7253
34.792,7253
34.802,7253
34.812,7253
34.822,7253
34.832,7253
34.882,7563
34.935,7563
34.946,7563
34.956,7563
34.966,7563
34.976,7563
34.986,7563
34.996,7563
35.006,7563
35.016,7563
35.026,7563
35.082,7860
35.092,7860
35.106,7860
35.116,7860
35.137,7860
35.153,7860
35.163,7860
35.173,7860
35.183,7860
35.193,7860
35.203,7860
35.213,7860
35.223,7860
35.233,7860
35.243,7860
35.253,7860
35.319,8146
35.331,8146
35.341,8146
35.351,8146
35.365,8146
35.375,8146
35.385,8146
35.395,8146
35.405,8146
35.415,8146
35.425,8146
35.435,8146
35.445,8146
35.455,8146
35.465,8146
35.475,8146
35.485,8146
35.559,8422
35.570,8422
35.589,8422
35.599,8422
35.609,8422
35.619,8422
35.629,8422
35.639,8422
35.649,8422
35.659,8422
35.669,8422
35.679,8422
35.689,8422
35.699,8422
35.709,8422
35.719,8422
35.766,8689
35.778,8689
35.790,8689
35.808,8689
35.823,8689
35.833,8689
35.843,8689
35.853,8689
35.863,8689
35.873,8689
35.883,8689
35.893,8689
35.903,8689
35.913,8689
35.923,8689
35.933,8689
35.943,8689
35.953,8689
36.011,8947
36.023,8947
36.033,8947
36.043,8947
36.056,8947
36.066,8947
36.076,8947
36.086,8947
36.096,8947
36.106,8947
36.116,8947
36.126,8947
36.136,8947
36.146,8947
36.156,8947
36.166,8947
36.176,8947
36.186,8947
36.196,8947
36.206,8947
36.216,8947
36.233,8947
36.250,8947
36.262,8947
36.272,8947
36.282,8947
36.292,8947
36.302,8947
36.312,8947
36.322,8947
36.332,8947
36.342,8947
36.352,8947
36.362,8947
36.372,8947
36.382,8947
36.392,8947
36.402,8947
36.415,8947
36.425,8947
36.435,8947
36.445,8947
36.455,8947
36.470,8947
36.480,8947
36.490,8947
36.506,8947
36.516,8947
36.526,8947
36.536,8947
36.546,8947
36.556,8947
36.566,8947
36.576,8947
36.586,8947
36.596,8947
36.606,8947
36.616,8947
36.626,8947
36.636,8947
36.646,8947
36.706,8973
36.718,8973
36.733,8973
36.758,8973
36.768,8973
36.778,8973
36.788,8973
36.798,8973
36.808,8973
36.818,8973
36.828,8973
36.838,8973
36.848,8973
36.858,8973
36.868,8973
36.878,8973
36.888,8973
36.898,8973
36.963,10473
36.974,10473
36.984,10473
36.998,10473
37.008,10473
37.018,10473
37.028,10473
37.038,10473
37.048,10473
37.058,10473
37.068,10473
37.078,10473
37.088,10473
37.098,10473
37.108,10473
37.119,10473
37.129,10473
37.139,10473
37.191,11973
37.201,11973
37.213,11973
37.223,11973
37.233,11973
37.243,11973
37.255,11973
37.265,11973
37.275,11973
37.285,11973
37.295,11973
37.305,11973
37.315,11973
37.325,11973
37.335,11973
37.345,11973
37.355,11973
37.365,11973
37.423,4473
37.433,4473
37.454,4473
37.464,4473
37.474,4473
37.484,4473
37.494,4473
37.504,4473
37.514,4473
37.524,4473
37.534,4473
37.544,4473
37.554,4473
37.565,4473
37.576,4473
37.586,4473
37.596,4473
37.606,4473
37.671,4976
37.731,4976
37.741,4976
37.751,4976
37.762,4976
37.772,4976
37.782,4976
37.792,4976
37.802,4976
37.812,4976
37.822,4976
37.832,4976
37.918,5428
37.930,5428
37.940,5428
37.950,5428
37.960,5428
37.970,5428
37.980,5428
37.990,5428
38.000,5428
38.010,5428
38.020,5428
38.030,5428
38.040,5428
38.062,5428
38.122,5842
38.132,5842
38.142,5842
38.152,5842
38.162,5842
38.172,5842
38.182,5842
38.192,5842
38.202,5842
38.212,5842
38.222,5842
38.232,5842
38.242,5842
38.252,5842
38.262,5842
38.272,5842
38.282,5842
38.292,5842
38.302,5842
38.314,6227
38.366,6227
38.415,6227
38.426,6227
38.442,6227
38.458,6227
38.468,6227
38.478,6227
38.488,6227
38.498,6227
38.508,6227
38.518,6227
38.528,6227
38.586,6588
38.596,6588
38.606,6588
38.622,6588
38.632,6588
38.642,6588
38.657,6588
38.667,6588
38.677,6588
38.687,6588
38.697,6588
38.707,6588
38.717,6588
38.727,6588
38.737,6588
38.747,6588
38.757,6588
38.767,6588
38.783,6929
38.838,6929
38.854,6929
38.864,6929
38.874,6929
38.884,6929
38.894,6929
38.904,6929
38.914,6929
38.924,6929
38.934,6929
38.944,6929
38.954,6929
38.964,6929
38.974,6929
38.984,6929
39.012,6929
39.067,7253
39.077,7253
39.087,7253
39.097,7253
39.112,7253
39.122,7253
39.132,7253
39.142,7253
39.152,7253
39.164,7253
39.174,7253
39.184,7253
39.200,7253
39.210,7253
39.220,7253
39.239,7253
39.298,7563
39.338,7563
39.350,7563
39.360,7563
39.370,7563
39.380,7563
39.390,7563
39.400,7563
39.410,7563
39.420,7563
39.430,7563
39.440,7563
39.450,7563
39.462,7563
39.472,7563
39.550,7860
39.562,7860
39.572,7860
39.582,7860
39.592,7860
39.602,7860
39.612,7860
39.622,7860
39.632,7860
39.642,7860
39.652,7860
39.662,7860
39.672,7860
39.683,7860
39.700,7860
39.742,8146
39.754,8146
39.764,8146
39.774,8146
39.784,8146
39.794,8146
39.804,8146
39.814,8146
39.824,8146
39.834,8146
39.844,8146
39.854,8146
39.864,8146
39.874,8146
39.884,8146
39.894,8146
39.904,8146
39.914,8146
39.924,8146
39.934,8146
39.944,8146
39.954,8146
39.964,8146
40.011,8422
40.025,8422
40.035,8422
40.045,8422
40.057,8422
40.067,8422
40.077,8422
40.087,8422
40.097,8422
40.107,8422
40.118,8422
40.128,8422
40.138,8422
40.148,8422
40.158,8422
40.168,8422
40.218,8689
40.230,8689
40.240,8689
40.255,8689
40.265,8689
40.275,8689
40.285,8689
40.295,8689
40.305,8689
40.315,8689
40.340,8689
40.357,8689
40.367,8689
40.381,8689
40.391,8689
40.401,8689
40.466,8947
40.476,8947
40.494,8947
40.508,8947
40.518,8947
40.528,8947
40.538,8947
40.548,8947
40.558,8947
40.568,8947
40.578,8947
40.588,8947
40.598,8947
40.608,8947
40.618,8947
40.628,8947
40.638,8947
40.648,8947
40.658,8947
40.668,8947
40.684,8947
40.694,8947
40.704,8947
40.714,8947
40.724,8947
40.734,8947
40.744,8947
40.754,8947
40.764,8947
40.774,8947
40.784,8947
40.794,8947
40.804,8947
40.814,8947
40.824,8947
40.834,8947
40.844,8947
40.854,8947
40.864,8947
40.874,8947
40.884,8947
40.894,8947
40.906,8947
40.926,8947
40.936,8947
40.946,8947
40.956,8947
40.966,8947
40.976,8947
40.986,8947
40.996,8947
41.006,8947
41.016,8947
41.026,8947
41.036,8947
41.046,8947
41.056,8947
41.066,8947
41.077,8947
41.087,8947
41.097,8947
41.167,8973
41.177,8973
41.190,8973
41.205,8973
41.215,8973
41.225,8973
41.235,8973
41.245,8973
41.255,8973
41.265,8973
41.275,8973
41.285,8973
41.295,8973
41.305,8973
41.315,8973
41.330,8973
41.374,10473
41.387,10473
41.398,10473
41.408,10473
41.418,10473
41.433,10473
41.443,10473
41.453,10473
41.463,10473
41.473,10473
41.483,10473
41.493,10473
41.503,10473
41.513,10473
41.523,10473
41.533,10473
41.543,10473
41.553,10473
41.563,10473
41.573,10473
41.583,10473
41.593,10473
41.603,10473
41.678,11973
41.690,11973
41.702,11973
41.712,11973
41.722,11973
41.732,11973
41.742,11973
41.752,11973
41.762,11973
41.772,11973
41.782,11973
41.792,11973
41.802,11973
41.813,11973
41.883,4473
41.893,4473
41.903,4473
41.913,4473
41.926,4473
41.936,4473
41.946,4473
41.956,4473
41.966,4473
41.976,4473
41.986,4473
41.996,4473
42.006,4473
42.016,4473
42.026,4473
42.036,4473
42.046,4976
42.086,4976
42.154,4976
42.166,4976
42.178,4976
42.188,4976
42.198,4976
42.208,4976
42.218,4976
42.228,4976
42.238,4976
42.248,4976
42.258,4976
42.268,4976
42.278,4976
42.350,5428
42.360,5428
42.374,5428
42.384,5428
42.394,5428
42.404,5428
42.414,5428
42.424,5428
42.434,5428
42.444,5428
42.454,5428
42.464,5428
42.474,5428
42.484,5428
42.494,5428
42.504,5428
42.514,5428
42.590,5842
42.600,5842
42.618,5842
42.630,5842
42.640,5842
42.650,5842
42.660,5842
42.670,5842
42.680,5842
42.690,5842
42.700,5842
42.710,5842
42.720,5842
42.730,5842
42.742,5842
42.752,5842
42.830,6227
42.878,6227
42.890,6227
42.900,6227
42.910,6227
42.920,6227
42.930,6227
42.940,6227
42.950,6227
42.960,6227
42.978,6227
42.988,6227
43.051,6588
43.061,6588
43.073,6588
43.090,6588
43.100,6588
43.114,6588
43.129,6588
43.139,6588
43.149,6588
43.159,6588
43.169,6588
43.179,6588
43.189,6588
43.199,6588
43.210,6588
43.220,6588
43.279,6929
43.295,6929
43.305,6929
43.315,6929
43.325,6929
43.339,6929
43.349,6929
43.359,6929
43.369,6929
43.379,6929
43.389,6929
43.399,6929
43.409,6929
43.419,6929
43.429,6929
43.439,6929
43.449,6929
43.459,6929
43.470,6929
43.514,7253
43.526,7253
43.536,7253
43.546,7253
43.556,7253
43.566,7253
43.576,7253
43.586,7253
43.596,7253
43.606,7253
43.616,7253
43.626,7253
43.636,7253
43.646,7253
43.656,7253
43.666,7253
43.677,7253
43.690,7253
43.700,7253
43.710,7253
43.783,7563
43.835,7563
43.846,7563
43.856,7563
43.871,7563
43.881,7563
43.891,7563
43.901,7563
43.911,7563
43.927,7563
43.995,7860
44.005,7860
44.015,7860
44.037,7860
44.047,7860
44.057,7860
44.067,7860
44.077,7860
44.087,7860
44.097,7860
44.107,7860
44.117,7860
44.127,7860
44.137,7860
44.150,7860
44.162,8146
44.231,8146
44.241,8146
44.258,8146
44.274,8146
44.284,8146
44.294,8146
44.304,8146
44.314,8146
44.324,8146
44.334,8146
44.344,8146
44.354,8146
44.364,8146
44.374,8146
44.384,8146
44.394,8146
44.470,8422
44.483,8422
44.498,8422
44.508,8422
44.518,8422
44.528,8422
44.538,8422
44.548,8422
44.558,8422
44.568,8422
44.578,8422
44.588,8422
44.598,8422
44.608,8422
44.618,8422
44.628,8422
44.681,8689
44.694,8689
44.714,8689
44.730,8689
44.740,8689
44.750,8689
44.760,8689
44.770,8689
44.780,8689
44.790,8689
44.800,8689
44.810,8689
44.820,8689
44.830,8689
44.840,8689
44.850,8689
44.899,8947
44.910,8947
44.920,8947
44.930,8947
44.940,8947
44.950,8947
44.960,8947
44.970,8947
44.980,8947
44.990,8947
45.000,8947
45.010,8947
45.020,8947
45.030,8947
45.040,8947
45.050,8947
45.060,8947
45.070,8947
45.080,8947
45.094,8947
45.104,8947
45.118,8947
45.128,8947
45.144,8947
45.161,8947
45.171,8947
45.181,8947
45.191,8947
45.201,8947
45.211,8947
45.221,8947
45.231,8947
45.241,8947
45.251,8947
45.261,8947
45.271,8947
45.281,8947
45.291,8947
45.302,8947
45.312,8947
45.322,8947
45.334,8947
45.347,8947
45.357,8947
45.370,8947
45.393,8947
45.403,8947
45.413,8947
45.423,8947
45.442,8947
45.452,8947
45.462,8947
45.472,8947
45.482,8947
45.492,8947
45.502,8947
45.512,8947
45.522,8947
45.532,8947
45.544,8947
45.554,8947
45.564,8947
45.576,8947
45.631,8973
45.641,8973
45.651,8973
45.661,8973
45.671,8973
45.681,8973
45.691,8973
45.701,8973
45.711,8973
45.721,8973
45.731,8973
45.741,8973
45.751,8973
45.762,8973
45.772,8973
45.786,8973
45.859,10473
45.869,10473
45.882,10473
45.892,10473
45.902,10473
45.912,10473
45.922,10473
45.932,10473
45.942,10473
45.952,10473
45.962,10473
45.972,10473
45.982,10473
45.992,10473
46.002,10473
46.012,10473
46.087,11973
46.097,11973
46.107,11973
46.117,11973
46.132,11973
46.142,11973
46.152,11973
46.162,11973
46.172,11973
46.182,11973
46.192,11973
46.202,11973
46.212,11973
46.222,11973
46.232,11973
46.242,11973
46.252,11973
46.262,11973
46.274,11973
46.318,4473
46.328,4473
46.338,4473
46.349,4473
46.359,4473
46.369,4473
46.379,4473
46.389,4473
46.399,4473
46.409,4473
46.419,4473
46.429,4473
46.439,4473
46.449,4473
46.459,4473
46.469,4473
46.479,4473
46.490,4473
46.567,4976
46.607,4976
46.617,4976
46.627,4976
46.637,4976
46.647,4976
46.657,4976
46.667,4976
46.677,4976
46.687,4976
46.697,4976
46.707,4976
46.719,4976
46.729,4976
46.815,5428
46.830,5428
46.842,5428
46.852,5428
46.862,5428
46.872,5428
46.882,5428
46.892,5428
46.902,5428
46.912,5428
46.922,5428
46.932,5428
46.942,5428
46.952,5428
46.962,5428
47.032,5842
47.042,5842
47.052,5842
47.062,5842
47.077,5842
47.087,5842
47.097,5842
47.107,5842
47.117,5842
47.133,5842
47.151,5842
47.162,5842
47.172,5842
47.182,5842
47.192,5842
47.263,6227
47.306,6227
47.318,6227
47.328,6227
47.349,6227
47.382,6227
47.402,6227
47.412,6227
47.422,6227
47.434,6227
47.444,6227
47.530,6588
47.551,6588
47.566,6588
47.585,6588
47.595,6588
47.616,6588
47.630,6588
47.643,6588
47.653,6588
47.663,6588
47.673,6588
47.742,6929
47.752,6929
47.762,6929
47.778,6929
47.788,6929
47.798,6929
47.808,6929
47.818,6929
47.828,6929
47.838,6929
47.848,6929
47.858,6929
47.868,6929
47.878,6929
47.888,6929
47.898,6929
47.908,6929
47.918,6929
47.990,7253
48.000,7253
48.010,7253
48.020,7253
48.030,7253
48.044,7253
48.058,7253
48.068,7253
48.078,7253
48.088,7253
48.098,7253
48.108,7253
48.125,7253
48.135,7253
48.174,7563
48.218,7563
48.232,7563
48.242,7563
48.262,7563
48.278,7563
48.288,7563
48.298,7563
48.321,7563
48.340,7563
48.350,7563
48.360,7563
48.370,7563
48.380,7563
48.434,7860
48.444,7860
48.454,7860
48.469,7860
48.482,7860
48.492,7860
48.502,7860
48.512,7860
48.522,7860
48.532,7860
48.542,7860
48.554,7860
48.564,7860
48.574,7860
48.585,7860
48.595,7860
48.662,8146
48.672,8146
48.682,8146
48.695,8146
48.710,8146
48.720,8146
48.730,8146
48.740,8146
48.752,8146
48.766,8146
48.776,8146
48.788,8146
48.798,8146
48.809,8146
48.819,8146
48.829,8146
48.839,8146
48.849,8146
48.859,8146
48.869,8146
48.922,8422
48.933,8422
48.946,8422
48.956,8422
48.966,8422
48.978,8422
48.988,8422
49.002,8422
49.013,8422
49.023,8422
49.055,8422
49.071,8422
49.118,8689
49.130,8689
49.140,8689
49.150,8689
49.162,8689
49.172,8689
49.182,8689
49.192,8689
49.202,8689
49.212,8689
49.222,8689
49.232,8689
49.242,8689
49.252,8689
49.262,8689
49.272,8689
49.282,8689
49.292,8689
49.304,8689
49.350,8947
49.366,8947
49.382,8947
49.398,8947
49.408,8947
49.418,8947
49.428,8947
49.438,8947
49.448,8947
49.458,8947
49.468,8947
49.478,8947
49.488,8947
49.498,8947
49.508,8947
49.518,8947
49.528,8947
49.539,8947
49.549,8947
49.559,8947
49.569,8947
49.579,8947
49.589,8947
49.606,8947
49.616,8947
49.628,8947
49.638,8947
49.654,8947
49.664,8947
49.674,8947
49.690,8947
49.706,8947
49.716,8947
49.726,8947
49.736,8947
49.746,8947
49.756,8947
49.767,8947
49.777,8947
49.787,8947
49.797,8947
49.810,8947
49.820,8947
49.842,8947
49.852,8947
49.867,8947
49.877,8947
49.887,8947
49.897,8947
49.907,8947
49.917,8947
49.927,8947
49.937,8947
49.947,8947
49.957,8947
49.967,8947
49.977,8947
49.991,8947
50.001,8947
50.090,8973
50.102,8973
50.114,8973
50.129,8973
50.139,8973
50.149,8973
50.159,8973
50.169,8973
50.179,8973
50.198,8973
50.208,8973
50.218,8973
50.228,8973
50.238,8973
50.248,8973
50.258,8973
50.270,10473
50.339,10473
50.349,10473
50.359,10473
50.369,10473
50.379,10473
50.389,10473
50.399,10473
50.409,10473
50.419,10473
50.429,10473
50.439,10473
50.454,10473
50.464,10473
50.476,10473
50.486,11973
50.550,11973
50.566,11973
50.576,11973
50.586,11973
50.596,11973
50.606,11973
50.616,11973
50.626,11973
50.636,11973
50.646,11973
50.656,11973
50.666,11973
50.676,11973
50.686,11973
50.696,11973
50.706,11973
50.802,4473
50.814,4473
50.824,4473
50.838,4473
50.848,4473
50.858,4473
50.874,4473
50.886,4473
50.896,4473
50.906,4473
50.916,4473
50.926,4473
50.942,4473
51.006,4976
51.050,4976
51.062,4976
51.072,4976
51.082,4976
51.092,4976
51.102,4976
51.112,4976
51.122,4976
51.132,4976
51.142,4976
51.152,4976
51.162,4976
51.172,4976
51.182,4976
51.192,5428
51.262,5428
51.274,5428
51.284,5428
51.298,5428
51.308,5428
51.318,5428
51.330,5428
51.340,5428
51.350,5428
51.360,5428
51.370,5428
51.380,5428
51.391,5428
51.410,5428
51.420,5428
51.482,5842
