0.010,0
0.020,0
0.030,0
0.040,0
0.050,0
0.060,0
0.070,0
0.080,0
0.090,0
0.100,0
0.110,0
0.120,0
0.130,0
0.140,0
0.150,0
0.160,0
0.170,0
0.180,0
0.190,0
0.200,0
0.210,0
0.220,0
0.230,0
0.240,0
0.250,0
0.260,0
0.270,0
0.280,0
0.290,0
0.300,0
0.310,0
0.320,0
0.330,0
0.340,0
0.350,0
0.360,0
0.370,0
0.380,0
0.390,0
0.400,0
0.410,0
0.420,0
0.430,0
0.440,0
0.450,0
0.460,0
0.470,0
0.480,0
0.490,0
0.500,0
0.510,0
0.520,0
0.530,0
0.540,0
0.550,0
0.560,0
0.570,0
0.580,0
0.590,0
0.600,0
0.610,0
0.620,0
0.630,0
0.640,0
0.650,0
0.660,0
0.670,0
0.680,0
0.690,0
0.700,0
0.710,0
0.720,0
0.730,0
0.740,0
0.750,0
0.760,0
0.770,0
0.780,0
0.790,0
0.800,0
0.810,0
0.820,0
0.830,0
0.840,0
0.850,0
0.860,0
0.870,0
0.880,0
0.890,0
0.900,0
0.910,0
0.920,0
0.930,0
0.940,0
0.950,0
0.960,0
0.970,0
0.980,0
0.990,0
1.000,0
1.010,0
1.020,0
1.030,0
1.070,0
1.080,0
1.091,0
1.114,0
1.130,0
1.146,0
1.162,0
1.178,0
1.188,0
1.198,0
1.214,0
1.230,0
1.246,0
1.262,0
1.278,0
1.288,0
1.298,0
1.318,0
1.333,0
1.343,0
1.389,0
1.411,0
1.421,0
1.506,0
1.531,0
1.573,0
1.601,0
1.613,0
1.624,0
1.634,0
1.644,0
1.654,0
1.664,0
1.674,0
1.684,0
1.694,0
1.705,0
1.715,0
1.725,0
1.735,0
1.745,0
1.755,0
1.765,0
1.775,0
1.785,0
1.798,0
1.810,0
1.820,0
1.830,0
1.848,0
1.858,0
1.868,0
1.878,0
1.888,0
1.907,0
1.917,0
1.927,0
1.937,0
1.947,0
1.957,0
1.967,0
1.977,0
1.987,0
1.997,0
2.007,0
2.017,0
2.027,0
2.038,0
2.049,0
2.059,0
2.069,0
2.079,0
2.089,0
2.100,0
2.110,0
2.120,0
2.130,0
2.140,0
2.150,0
2.160,0
2.170,0
2.181,0
2.191,0
2.201,0
2.211,0
2.221,0
2.231,0
2.241,0
2.251,0
2.261,0
2.272,0
2.282,0
2.292,0
2.302,0
2.312,0
2.322,0
2.332,0
2.342,0
2.353,0
2.363,0
2.373,0
2.383,0
2.393,0
2.403,0
2.415,0
2.425,0
2.435,0
2.445,0
2.455,0
2.466,0
2.476,0
2.487,0
2.497,0
2.507,0
2.517,0
2.527,0
2.537,0
2.547,0
2.557,0
2.567,0
2.577,0
2.589,0
2.607,0
2.621,0
2.631,0
2.654,0
2.675,0
2.706,0
2.731,0
2.743,0
2.753,0
2.768,0
2.781,0
2.800,0
2.839,0
2.858,0
2.869,0
2.881,0
2.897,0
2.911,0
2.921,0
2.931,0
2.941,0
2.963,0
2.973,0
2.988,0
2.998,0
3.010,0
3.021,0
3.031,0
3.041,0
3.051,0
3.063,0
3.073,0
3.084,0
3.095,0
3.105,1
3.115,1
3.158,1
3.168,1
3.178,1
3.188,1
3.236,30
3.246,30
3.256,30
3.266,30
3.308,59
3.318,59
3.328,59
3.338,59
3.348,59
3.380,88
3.390,88
3.400,88
3.423,117
3.433,117
3.443,117
3.453,117
3.472,117
3.482,117
3.492,117
3.502,117
3.512,117
3.565,146
3.575,146
3.585,146
3.595,146
3.608,146
3.665,175
3.675,175
3.685,175
3.695,175
3.724,204
3.734,204
3.778,233
3.788,233
3.824,262
3.834,262
3.844,262
3.854,262
3.890,291
3.900,291
3.937,320
3.948,320
3.987,349
3.997,349
4.007,349
4.017,349
4.027,349
4.056,349
4.067,378
4.077,378
4.088,378
4.098,378
4.130,378
4.140,407
4.150,407
4.160,407
4.170,407
4.181,407
4.191,407
4.212,407
4.222,436
4.232,436
4.242,436
4.252,436
4.262,436
4.273,436
4.296,465
4.306,465
4.317,465
4.327,465
4.359,494
4.369,494
4.420,523
4.430,523
4.440,523
4.450,523
4.460,523
4.470,523
4.503,552
4.513,552
4.523,552
4.555,552
4.565,581
4.575,581
4.585,581
4.611,581
4.621,610
4.631,610
4.673,639
4.683,639
4.693,639
4.731,639
4.741,668
4.751,668
4.761,668
4.808,697
4.818,697
4.829,697
4.860,726
4.870,726
4.880,726
4.905,755
4.915,755
4.925,755
4.961,784
4.971,784
5.012,813
5.022,813
5.032,813
5.042,813
5.052,813
5.062,813
5.072,813
5.082,813
5.092,813
5.116,813
5.126,842
5.136,842
5.146,842
5.156,842
5.166,842
5.176,842
5.186,842
5.196,842
5.206,842
5.221,871
5.231,871
5.241,871
5.251,871
5.261,871
5.278,900
5.288,900
5.298,900
5.353,929
5.363,929
5.373,929
5.384,929
5.413,958
5.423,958
5.433,958
5.472,958
5.482,987
5.492,987
5.502,987
5.512,987
5.522,987
5.558,1016
5.568,1016
5.604,1045
5.614,1045
5.654,1074
5.664,1074
5.674,1074
5.684,1074
5.694,1074
5.705,1074
5.723,1074
5.733,1422
5.743,1422
5.753,1422
5.763,1422
5.773,3000
5.783,3000
5.793,3000
5.803,3000
5.813,3000
5.823,4500
5.833,4500
5.843,4500
5.853,4500
5.863,4500
5.873,4500
5.883,4500
5.893,6000
5.903,6000
5.914,6000
5.924,6000
5.934,7500
5.944,7500
5.954,7500
5.967,7500
5.977,7500
5.987,9000
5.997,9000
6.007,9000
6.017,9000
6.028,9000
6.038,9000
6.048,9000
6.058,10500
6.068,10500
6.078,10500
6.088,10500
6.098,12000
6.108,12000
6.118,12000
6.128,12000
6.138,12000
6.148,13500
6.158,13500
6.168,13500
6.178,13500
6.188,13500
6.198,13500
6.208,15000
6.218,15000
6.228,15000
6.238,16500
6.248,16500
6.258,16500
6.268,16500
6.278,16500
6.288,18000
6.298,18000
6.308,18000
6.318,18000
6.329,19500
6.339,19500
6.349,19500
6.359,19500
6.369,19500
6.379,19500
6.389,19500
6.399,19500
6.409,19500
6.419,21000
6.430,21000
6.440,21000
6.450,21000
6.460,22500
6.470,22500
6.480,22500
6.490,22500
6.500,24000
6.510,24000
6.520,24000
6.530,24000
6.540,24000
6.550,25500
6.560,25500
6.570,25500
6.580,27000
6.590,27000
6.600,27000
6.610,27000
6.620,27000
6.631,27000
6.641,28500
6.651,28500
6.661,28500
6.671,28500
6.681,28500
6.691,30000
6.701,30000
6.711,30000
6.721,30000
6.732,30000
6.742,31500
6.752,31500
6.762,31500
6.772,31500
6.782,31500
6.794,33000
6.804,33000
6.814,33000
6.824,33000
6.834,34500
6.844,34500
6.854,34500
6.864,34500
6.874,34500
6.886,36000
6.896,36000
6.906,36000
6.916,36000
6.926,36000
6.936,37500
6.946,37500
6.956,37500
6.966,37500
6.977,39000
6.987,39000
6.997,39000
7.007,39000
7.017,39000
7.027,39000
7.037,40500
7.047,40500
7.057,40500
7.067,40500
7.082,40500
7.092,42000
7.102,42000
7.112,42000
7.122,42000
7.132,43500
7.142,43500
7.152,43500
7.162,43500
7.173,43500
7.183,45000
7.193,45000
7.203,45000
7.213,45000
7.223,45000
7.233,46500
7.243,46500
7.253,46500
7.263,46500
7.273,46500
7.284,46500
7.294,46500
7.304,48000
7.314,48000
7.324,48000
7.334,48000
7.344,48000
7.354,48000
7.364,48000
7.374,48000
7.384,49500
7.394,49500
7.404,49500
7.414,49500
7.424,49500
7.434,49500
7.444,51000
7.455,51000
7.465,51000
7.475,51000
7.485,51000
7.495,51000
7.505,51000
7.515,52500
7.525,52500
7.535,52500
7.545,54000
7.555,54000
7.565,54000
7.575,54000
7.585,54000
7.595,54000
7.605,54000
7.615,54000
7.625,54000
7.637,57000
7.647,57000
7.657,57000
7.667,57000
7.677,57000
7.687,57000
7.697,57000
7.707,57000
7.717,57000
7.727,58500
7.737,58500
7.747,58500
7.757,58500
7.767,58500
7.777,58500
7.787,58500
7.797,58500
7.807,60000
7.817,60000
7.827,60000
7.837,60000
7.847,60000
7.857,60000
7.867,60000
7.877,60000
7.887,60000
7.897,60000
7.907,60000
7.917,60000
7.935,60000
